3809
5754
6657
12237
13994
14029
14030
14031
14032
14033
14034
14035
14036
14037
14153
15661
20302
21287
21922
22619
22853
23623
24474
24554
24583
24696
25081
25091
26426
29391
29392
30284
31990
31992
35431
35745
35853
35863
35867
35875
36453
36688
36953
38289
38487
38587
38588
38589
38590
38591
38592
38594
38595
38596
38597
40880
42705
43074
43075
43076
43077
43795
44673
44675
45224
45225
45927
46505
46506
47591
47592
47667
47668
47669
47670
47671
47672
47673
47674
47805
47917
47918
49199
49341
49951
50057
50634
50634
51419
51908
51909
51910
51911
51912
51913
53019
53020
53021
53463
53464
53465
53466
53595
53596
53597
53598
53599
53600
53601
53602
53603
53604
53605
53606
53607
53608
53609
53610
53611
53612
53613
53614
53615
53616
53666
53744
53745
53746
53747
53748
53749
53750
53751
53752
53753
53754
53755
53756
53757
53758
53759
53760
53761
53762
53764
53765
53766
53767
53768
53769
53770
53771
53772
53773
53774
53775
53776
53777
53778
53779
53780
53781
53782
53783
53784
53785
53786
53788
53789
53790
53791
54147
54148
54149
54150
54151
54153
54154
54155
54156
54157
54268
55528
56267
57039
57479
57483
57872
58055
58242
58291
58705
58708
58893
59022
59120
59154
59166
59203
59702
60027
60838
60840
62034
62392
62393
62496
62621
62988
63860
63861
63862
63863
63864
63865
63866
63870
64060
64061
64062
64063
64064
64065
64066
65158
65226
65227
66372
66428
66547
66703
67190
67212
67697
67698
67699
67700
67701
67702
67703
67704
67705
67706
67707
67708
67709
67710
67711
67712
67952
68585
68834
68843
68852
69192
69218
69366
69792
69793
69794
69795
69796
69797
69821
69975
70400
70407
70754
70794
71669
71671
71673
71674
71677
71679
71684
71798
71828
72187
72190
72192
72198
72201
72205
72206
72208
72209
72521
73249
73250
73251
73253
73254
73255
73256
73257
73995
73996
74143
74144
74308
74317
74318
74319
74320
74321
74322
74325
74326
74327
74328
74329
74330
74331
74343
74345
74346
74347
74354
74355
74356
74418
74972
75103
75104
75279
75378
76003
76167
76790
76917
76918
76924
77902
77934
77966
78527
79313
79395
79396
79412
79823
79831
79847
80140
80289
80290
80355
80542
80602
80603
80616
80696
80697
80698
81385
81421
81436
82894
82946
82991
83262
83365
83530
83537
83670
83671
83672
83673
84267
84290
84552
84573
84928
85114
85115
85116
85327
85448
85775
85777
85778
85779
85780
85781
85782
85784
86424
86712
86787
86842
86909
87126
87127
87128
87129
87131
87132
87578
87579
87580
87825
88534
88535
88589
88590
88591
88592
88593
88614
88721
88742
88760
88840
88841
88842
88846
89549
89561
90259
90260
90261
90262
90646
91113
91232
91270
91569
92400
92401
92450
92451
92452
92479
92480
92481
92482
92581
92626
92853
93009
93026
93027
93414
93415
93416
93417
93695
93714
93835
93847
93848
94682
94847
94848
94849
94850
94898
94899
94901
94902
94918
94919
95072
95127
95128
95175
95176
95285
95445
95464
95465
95466
95467
95496
95497
95498
95499
95500
95501
95502
95677
95736
95811
95812
96128
96136
96137
96138
96139
96141
96142
96143
96144
96145
96148
96191
96192
96193
96194
96253
96345
96346
96353
96590
97417
97890
97891
97892
98054
98140
98141
98142
98143
98144
98180
98248
98319
98538
98679
98812
98936
99009
99010
99011
99012
99013
99083
99084
99172
99646
99691
99794
99806
99907
99969
99983
100005
100006
100007
100008
100009
100010
100011
100012
100013
100014
100015
100042
100098
100168
100560
101245
101307
101423
101595
101665
101671
102254
102255
102304
102366
102367
102528
102532
103000
103857
104012
104057
104058
104141
104284
104285
104312
104313
104766
105075
105419
105420
105456
105480
105564
105584
105585
106040
106045
106052
106276
106333
106400
106408
106975
106976
106977
106978
106979
106980
107109
107479
107681
107891
108014
108225
108226
108256
108309
108554
108569
108570
108894
110017
110023
110155
110452
110495
110562
110608
110639
110684
111267
111275
111350
111429
111486
111515
111529
111532
111534
111649
111650
111655
111660
111695
111729
111894
112001
112003
112098
112099
112100
112101
112102
112103
112483
112487
112488
112489
112490
112495
112622
112678
112888
112902
112903
112904
112911
112938
113048
113209
113217
113370
113875
113948
114293
114294
114788
114792
114793
114794
114795
115295
115310
115317
115319
115320
115339
115342
115706
115715
115887
116263
116293
116565
116949
117109
117229
117236
117981
118074
118103
118126
118632
118633
119096
119263
119281
119282
119283
119284
119332
119615
119616
119617
119618
119619
119620
119621
119623
119624
119625
119626
119627
119628
119630
119631
119632
119633
119634
119635
119637
120078
120182
120197
120198
120199
120200
120201
120202
120203
120204
120205
120206
120325
120325
120326
120327
120328
120329
120330
120331
120332
120333
120334
120335
120336
120337
120338
120339
120340
120342
120343
120421
120422
120554
120555
120556
120557
120652
120794
120816
120912
120913
120914
121105
121113
121263
121264
121299
121300
121351
121378
121441
122068
122069
122100
122296
122297
122300
122303
122307
122308
122311
122319
122536
123684
123685
123686
123687
123689
123748
123749
123750
123751
123752
123826
123915
124482
124680
124896
125165
125166
125167
125168
125169
125170
125171
125191
125365
125659
125929
125930
125931
126198
126199
126206
126209
126260
126261
126262
126364
126463
126529
126554
126685
126686
126971
127074
127086
127171
127460
127805
127818
127878
128145
128208
128329
128499
128815
128828
128849
128850
129178
129182
129551
129556
129797
129799
129811
129864
129865
129866
129867
129942
130025
130036
130037
130059
130120
130170
130176
130224
130225
130226
130328
130329
130330
130331
130332
130333
130334
130335
130336
130434
130571
130803
130804
130832
130867
130908
130909
130917
130925
130999
131000
131001
131002
131003
131004
131005
131006
131007
131008
131009
131010
131011
131157
131158
131159
131160
131161
131162
131163
131207
131208
131209
131210
131212
131244
131258
131275
131720
131739
131740
131796
131880
131938
132247
132317
132424
132462
132463
132464
132465
132466
132467
132502
132548
132549
132550
132551
132878
132886
133056
133206
133337
133388
133476
133516
133584
133740
133741
133809
134104
134284
134285
134286
134287
134364
134591
134592
134657
134746
134747
134844
135095
135136
135240
135241
135567
135586
135670
135784
135930
136244
136285
136428
136519
136630
136632
136633
136854
136887
136946
137245
137390
137551
137566
137567
137568
137569
137743
138126
138250
138321
138343
138360
138361
138362
138363
138365
138366
138444
138445
138446
138447
138448
138449
138450
138453
138454
138455
138457
138458
138459
138460
138461
138462
138463
138643
138646
138759
138799
138800
138833
138837
138852
138900
139194
139391
139392
139454
139455
139461
139877
139979
139980
139981
139982
139983
139984
140037
140180
140219
140247
140300
140301
140302
140303
140304
140305
140535
140685
140700
140703
140761
140990
140991
140992
140993
140994
140995
140996
140997
140998
140999
141000
141193
141210
141322
141501
141604
141616
141663
142019
142020
142066
142067
142068
142069
142070
142598
142679
142734
142736
142737
142738
142739
142909
143000
143052
143093
143207
143208
143219
143242
143243
143271
143275
143276
143440
143441
143442
143443
143460
143863
143915
143921
143922
143924
144049
144323
144324
144325
144327
144342
144384
144526
145185
145685
145704
145877
146557
146803
146876
146882
146889
146921
146971
147137
147160
147353
147354
147365
147575
147726
147831
147892
147898
147959
147962
148068
148271
148421
148455
148457
148779
148820
148826
148878
148940
149087
149088
149089
149170
149585
149586
149606
149607
149907
149908
149993
149994
149995
149996
149997
149998
150105
150127
150296
150327
150338
150339
150340
150361
150382
150454
150481
150670
150671
150707
150775
150795
150802
150804
150805
150814
150815
150980
150981
150982
150983
150984
150985
150986
151001
151016
151080
151166
151190
151317
151390
151431
151705
151769
151784
151795
151851
151852
151887
151966
152039
152061
152140
152298
152299
152566
152663
152690
152881
152965
152966
152967
152968
152970
152971
153175
153415
153743
153822
153823
154008
154221
154235
154716
154738
154787
154913
155827
155875
155876
155890
155919
156058
156088
156089
156090
156092
156143
156292
156316
156360
156366
156548
156654
156666
156668
156669
156670
156671
156672
156673
156674
156675
156676
156677
156678
156679
156680
156681
156682
156797
156798
156818
156907
156969
157228
157229
157230
157231
157299
157300
157301
157302
157303
157304
157312
157380
157387
157435
157456
157545
157700
157771
157815
157816
157817
157818
157819
157851
157854
157890
157891
157892
158276
158523
158544
158736
158883
158884
158989
159163
159348
159444
159450
159643
159700
159747
159841
159842
159877
160171
160172
160173
160428
160602
160603
160654
160667
160681
160791
160792
161094
161104
161332
161333
161334
161335
161336
161337
161453
161454
161469
161494
161711
161712
161714
161907
161916
161974
161988
161989
162078
162267
162496
162514
162529
162735
162736
162738
162739
162840
162935
163024
163025
163055
163056
163103
163104
163238
163291
163292
163293
163447
163451
163486
163579
163580
163581
163587
163597
163600
163602
163603
163609
163615
163619
163621
163644
163646
163728
163729
163730
163731
163739
163749
163792
163795
163796
163797
163798
163847
163912
163950
163951
164010
164011
164012
164013
164088
164215
164216
164217
164218
164220
164221
164222
164223
164226
164312
164350
164628
164726
164727
164728
164788
164789
164850
164946
164947
164948
164949
164951
165065
165078
165079
165080
165081
165325
165326
165338
165458
165611
165676
165757
166036
166126
166127
166176
166177
166178
166179
166180
166181
166182
166201
166419
166493
166494
166495
166597
166598
166632
166707
166924
167005
167060
167227
167253
167260
167312
167335
167342
167366
167401
167515
167519
167748
167796
167930
167931
168446
168449
168451
168556
168591
168685
168723
168724
169148
169149
169150
169227
169329
169415
169512
169653
169676
169681
169834
169890
169915
169916
170281
170282
170283
170284
170285
170286
170393
170394
170396
170398
170402
170409
170424
170447
170477
170513
170763
170786
170935
170987
171164
171417
171419
171622
171656
171671
171676
171677
171678
171679
171858
171892
172031
172171
172251
172254
172255
172416
172479
172653
172812
172814
172849
172850
173460
173543
173548
173711
173788
173814
173827
173866
173985
174194
174196
174277
174280
174283
174356
174357
174358
174359
174360
174361
174415
174467
174785
174786
174828
174830
174854
174855
174856
174857
174872
174952
175070
175233
175328
175449
175450
175849
175866
175929
175930
176054
176180
176202
176204
176426
176557
176559
176592
176623
176659
176851
176922
177047
177086
177240
177291
177844
178346
178567
178784
178904
179043
179068
179102
179150
179339
179340
179445
179531
179590
179663
179664
179665
179666
179667
179668
179669
179670
179671
179672
179673
179674
179675
179676
179677
179856
179942
179965
179968
179970
180019
180020
180175
180231
180343
180349
180485
180538
180600
180743
180895
180951
181047
181089
181093
181096
181105
181165
181235
181349
181351
181352
181353
181384
181398
181582
181583
181589
181590
181753
181801
181812
181869
181910
181911
181962
181969
182064
182065
182066
182076
182091
182131
182160
182161
182163
182260
182317
182331
182399
182475
182595
182701
182748
183091
183380
183491
183513
183627
183835
183838
183870
183927
183931
183933
183934
183935
183941
183977
184031
184144
184182
184380
184454
184482
184526
184722
184723
184794
184805
184833
184952
184986
184990
185103
185107
185122
185205
185363
185364
185368
185466
185503
185533
185534
185541
185613
185741
185759
185797
186133
186157
186243
186290
186344
186364
186366
186369
186370
186579
186580
186733
186734
186762
186805
186879
186998
186999
187028
187065
187101
187187
187193
187266
187325
187369
187410
187478
187505
187659
187660
187781
187805
187806
187807
187965
188202
188335
188426
188468
188477
188561
188606
188660
188955
189042
189288
189345
189654
189656
189657
189658
189666
189825
189949
189957
190003
190053
190121
190123
190124
190125
190126
190127
190131
190205
190316
190348
190369
190542
190578
190579
190580
190581
190582
190583
190584
190585
190586
190603
190719
190720
190721
190722
190748
190749
190754
190802
190803
190804
190805
190853
190869
190901
190902
191061
191062
191113
191114
191146
191213
191223
191260
191329
191330
191445
191491
191560
191597
191598
191620
191719
191720
191789
191820
191823
191924
192130
192131
192132
192133
192134
192137
192286
192385
192392
192411
192450
192451
192452
192453
192454
192455
192498
192563
192564
192617
192618
192722
192785
192958
192985
193109
193125
193262
193310
193311
193430
193672
193792
193803
193820
193821
193824
193836
194037
194143
194213
194265
194278
194315
194316
194344
194421
194522
194533
194649
194650
194795
195295
195299
195300
195326
195414
195562
195564
195566
195567
195568
195569
195570
195572
195574
195575
195577
195578
195607
195633
195646
195769
195939
196036
196111
196198
196272
196530
196795
196891
196916
196918
197023
197024
197045
197158
197205
197270
197274
197275
197447
197513
197694
197765
197941
198130
198144
198255
198403
198416
198417
198490
198491
198492
198541
198542
198543
198545
198546
198547
198548
198784
198785
198858
198913
199140
199147
199148
199149
199158
199249
199370
199480
199481
199538
199539
199572
199814
199910
199998
199999
200000
200001
200002
200003
200004
200005
200092
200093
200094
200250
200252
200253
200330
200331
200332
200334
200348
200350
200362
200485
200510
200607
200633
200676
200732
200840
200841
200861
201272
201276
201279
201280
201364
201384
201467
201502
201999
202069
202214
202365
202375
202414
202541
202668
202719
202877
203028
203211
203452
203717
204064
204102
204107
204111
204121
204123
204128
204642
204643
204647
204716
204717
204830
204832
204943
204944
204945
204946
204947
205284
205348
205381
205382
205383
205384
205587
205588
205589
205673
205674
205675
205676
205677
205678
205679
205680
205681
205712
205843
206242
206243
206364
206414
206560
206874
207061
207078
207095
207323
207832
207860
207872
207873
207896
208080
208119
208535
208697
208721
208723
208767
208770
208813
208814
209040
209252
209341
209345
209543
209607
209608
209612
209617
209618
209619
209620
209623
209624
209625
209626
209627
209811
209812
209814
210015
210016
210164
210377
210701
210702
210703
210704
210858
210953
211012
211034
211110
211197
211285
211329
211344
211356
211357
211358
211359
211360
211361
211362
211363
211364
211365
211366
211368
211369
211370
211371
211372
211453
211513
211559
211613
211692
211824
211828
211848
211926
212394
212455
212457
212944
212945
212963
212964
213220
213239
213278
213299
213807
213886
213984
213989
214109
214112
214116
214117
214266
214355
214472
214773
214786
215118
215119
215121
215123
215207
215269
215368
215500
215551
215667
215914
215915
216203
216236
216237
216238
216320
216341
216356
216413
216422
216424
216429
216470
216589
216602
216676
216756
216773
216822
216890
216899
216934
216988
217073
217076
217254
217586
217591
217594
217668
217739
217835
217837
217838
217839
217840
217841
217842
217853
217854
217855
217857
217859
217865
218253
218354
218362
218377
218396
218467
218468
218469
218470
218510
218628
218665
218695
218696
218697
218733
218734
218735
218783
218784
218785
219061
219143
219253
219559
219572
219696
219720
219869
219887
219889
219974
219975
220001
220002
220003
220004
220005
220142
220822
220823
221092
221195
221281
221321
221345
221346
221347
221393
221473
221614
221618
221619
222059
222060
222061
222062
222063
222171
222326
222472
222490
222491
222495
222665
222708
222876
223036
223164
223251
223569
223632
223667
224071
224158
224371
224577
224753
224828
224872
224930
224931
224932
224966
225028
225030
225489
225694
225722
225969
226338
226562
226986
227062
227167
227184
227365
227636
227687
227770
227777
227844
227855
228303
228362
228385
228420
228706
228850
228851
229098
229229
229664
229980
230034
230097
230193
230200
230345
230396
230550
230647
230721
230759
230789
230816
230846
231032
231042
231100
231103
231124
231264
231270
231411
231413
231439
231440
231626
231627
231659
231665
231666
231739
231747
231775
231810
231906
231943
231945
231946
231947
231948
232047
232048
232049
232050
232265
232314
232317
232365
232642
232681
232883
232884
232920
233162
233296
233520
233531
233532
233669
233814
233815
233830
233961
234016
234017
234018
234250
234256
234284
234347
234348
234466
234639
234652
234653
234657
234659
234760
234793
234794
234936
235022
235199
235202
235206
235232
235288
235420
236006
236127
236164
236458
236472
236743
236745
236765
236777
236835
237019
237151
237152
237154
237155
237156
237157
237228
237276
237485
237522
237527
237528
237529
237678
237679
237734
237752
237786
237796
237821
238007
238008
238080
238263
238302
238429
238430
238431
238461
238489
238491
238492
238495
238496
238497
238513
238535
238597
238683
238835
239126
239127
239213
239238
239240
239245
239385
239401
239616
239665
239837
239974
240094
240265
240267
240298
240314
240587
240816
240817
241119
241138
241139
241141
241150
241156
241176
241288
241428
241431
241433
241434
241435
241436
241437
241438
241439
241440
241441
241442
241443
241565
241805
241931
241986
242140
242188
242588
242724
242764
242771
242772
242800
242839
243103
243237
243238
243295
243314
243322
243445
243469
243515
243555
243714
243847
243983
244031
244484
244526
244955
245079
245158
245204
245256
245257
245259
245264
245605
245626
245647
245649
245669
245816
245893
246012
246068
246252
246295
246365
246678
246792
247042
247115
247130
247143
247198
247205
247207
247227
247419
247667
247790
247900
247909
247946
248055
248104
248110
248162
248181
248238
248499
248575
248819
248848
248849
248850
248851
248959
248988
249027
249194
249463
249464
249466
249470
249471
249472
249475
249476
249477
249478
249479
249480
249502
249503
249526
249527
249587
249676
249733
250210
250511
250545
250661
250662
250732
250816
250860
251014
251017
251035
251065
251066
251165
251166
251170
251548
251549
251652
251657
251740
252007
252062
252236
252237
252599
252700
252971
252972
252974
252975
252976
252977
252978
252979
252980
252981
253204
253417
253418
253509
253510
253511
253516
253589
253734
253889
253950
254020
254021
254099
254439
254528
254897
255240
255402
255532
255546
255547
255548
255581
255603
255925
256203
256204
256312
256417
256444
256720
256731
256971
257096
257128
257300
257727
257892
258562
258572
258645
258647
258662
259012
259148
259778
259780
259781
259782
259974
260238
260241
260242
260243
260596
260758
260873
260875
260951
260991
261021
261120
261135
261170
261171
261184
261310
261311
261356
261363
261367
261370
261382
261456
261530
261596
261599
261601
261673
261689
261692
261694
261804
261821
262355
262714
262715
262871
262872
262873
262940
263055
263222
263223
263365
263602
263709
263993
264038
264133
264150
264152
264212
264294
264374
264680
264709
264874
264904
264920
265074
265149
265150
265151
265209
265269
265436
265437
265505
265506
265507
265564
265646
265741
265748
265805
265831
265883
265895
265949
265951
267380
267381
267426
267651
267652
267653
267654
267675
267767
267820
267821
268105
268199
268275
268545
268546
268742
268743
268785
268786
268905
268975
268976
269019
269020
269136
269193
269282
269291
269334
269335
269407
269629
269630
269650
269763
269764
269807
269887
269950
269983
270021
270037
270082
270085
270088
270243
270286
270378
270379
270451
270479
270501
270504
270564
270565
270609
270767
270851
270866
270869
270897
271008
271124
271132
271133
271135
271153
271154
271155
271177
271203
271211
271240
271321
271322
271353
271359
271402
271546
271548
271610
271612
271613
271614
271615
271728
271862
271920
271937
271996
272038
272174
272195
272497
272498
272538
272561
272572
272573
272575
272576
272577
272578
272579
272623
272740
272755
272792
272863
272919
273049
273099
273203
273266
273318
273319
273610
273611
273612
273879
273998
273999
274190
274413
274432
274433
274495
274678
274750
274844
274865
274885
274953
275251
275252
275276
275350
275566
275659
275755
276291
276364
276365
276379
276488
276573
276577
276663
276664
276714
276716
276989
276995
277023
277087
277169
277232
277487
277488
277511
277512
277525
277542
277550
277551
277552
277553
277575
277618
277922
278219
278222
278297
278314
278571
278572
278573
278574
278581
278652
278704
278746
278758
278817
278818
278958
279113
279187
279202
279206
279304
279472
279570
279571
279668
279737
279738
279742
279743
279792
279798
279839
279851
279853
279910
279911
279912
279913
279953
279961
280067
280128
280129
280247
280350
280389
280482
280522
280523
280572
280620
280690
280770
280821
280886
280929
280930
280931
280932
280942
280973
281070
281196
281244
281251
281509
281510
281568
281573
281574
281585
281586
281729
281733
281737
281763
281803
281804
282044
282068
282076
282115
282116
282117
282118
282119
282120
282121
282122
282123
282124
282125
282131
282146
282207
282247
282251
282252
282259
282311
282313
282375
282433
282592
282634
282637
282720
282752
282770
282813
282856
282885
283208
283416
283663
283664
283665
283666
283667
283668
283669
283671
284171
284347
284426
284644
284809
284850
284851
284853
284942
284943
285057
285113
285114
285137
285154
285187
285216
285225
285275
285312
285432
285515
285663
285694
285703
285855
286012
286079
286195
286523
286694
286809
286810
286811
286814
286815
286816
286817
287278
287293
287369
287370
287405
287437
287442
287563
287674
287947
287964
287966
288015
288016
288017
288018
288021
288022
288023
288024
288026
288033
288035
288036
288037
288038
288040
288042
288053
288333
288349
288367
288380
288404
288612
288664
288813
289109
289333
289706
289709
289997
290033
290064
290106
290110
290111
290112
290114
290187
290231
290232
290233
290251
290515
290580
290601
290627
290628
290629
290630
291041
291042
291163
291164
291165
291166
291167
291168
291169
291170
291171
291172
291173
291174
291175
291176
291177
291178
291179
291180
291181
291182
291183
291184
291185
291236
291290
291392
291422
291448
291588
291590
291673
291942
291943
291944
291953
292383
292430
292492
292704
292707
292809
293275
293348
293391
293472
293542
293659
293794
293948
294061
294066
294077
294174
294203
294211
294267
294269
294270
294404
294454
294538
294638
294644
294645
294646
294647
294648
294649
294721
294921
294969
295005
295006
295135
295176
295414
295515
295719
295972
296015
296042
296143
296356
296901
296984
296986
297325
297326
297327
297352
297426
297882
297883
297884
297885
297886
297929
298083
298084
298131
298203
298421
298546
298816
298925
299274
299331
299393
299394
299498
299812
299997
300014
300015
300031
300150
300209
300516
300529
300530
300532
300698
300832
300849
300951
301027
301231
301232
301271
301272
301274
301275
301276
301330
301393
301490
301512
301552
301588
301895
301988
302022
302192
302193
302696
302964
302984
303174
303658
303721
303735
303830
303831
304526
304527
304528
304550
304729
304855
305007
305015
305016
305017
305170
305498
305499
305648
305680
305681
305682
305683
305684
305960
306075
306076
306077
306078
306079
306159
306183
306191
306416
307296
307307
307529
307651
308022
308162
308329
308386
308387
308388
308389
308415
308548
308563
308632
308765
308969
309234
309235
309236
309460
309790
309935
309936
309937
309938
309939
309940
309941
309947
310336
310599
310644
310701
310829
310897
310898
310899
310920
311052
311141
311159
311237
311826
311971
312138
312144
312272
312289
313211
313212
313379
313381
313382
313383
313446
313481
313492
313493
313597
314328
314358
314371
314373
314374
314375
314376
314377
314378
314379
314380
314381
314383
314393
314492
314494
314495
314496
314497
314499
314500
314501
314502
314569
314611
314654
314877
314878
314879
314887
314892
314895
314896
314898
314899
314901
314903
314905
314937
314939
314941
314943
314957
314958
314984
314985
314986
314987
314988
314989
314990
314992
314993
314994
314995
314996
314997
314999
315000
315016
315017
315018
315020
315104
315105
315187
315189
315235
315269
315270
315278
315280
315602
315793
315794
315830
315895
315966
316091
316296
316418
316421
316536
316538
316568
317316
317394
317448
317826
318102
318279
318280
318281
318282
318325
318466
318551
318601
318614
319210
319247
319277
319286
319287
319489
319491
319510
319513
319515
319540
319541
319542
319554
319555
319556
319577
319578
319818
319944
320000
320053
320496
320605
320633
320634
320715
320716
320718
320813
321664
321684
321696
321697
321698
321699
321700
321803
321860
321861
321882
321935
321936
321937
321938
321966
322017
322018
322019
322329
322330
322365
322859
322877
322928
323008
323485
323570
323708
323709
323834
323836
323861
323862
323863
323876
323914
323915
323916
323917
323919
323921
323922
323923
323924
323925
323926
323927
323935
324092
324707
324708
324749
324801
324802
324844
324888
325051
325061
325153
325267
325421
325561
325586
325763
326069
326129
326130
326184
326257
326293
326302
326519
326693
326694
326695
326703
327024
327144
327166
327290
327356
327357
327358
327359
327360
327527
327622
327865
328075
328123
328190
328191
328278
328569
328674
328714
328715
329063
329064
329068
329069
329710
329711
329929
330129
330463
330605
330693
330807
330808
330923
331487
332159
332252
332340
332343
332346
332404
332721
332722
332730
332738
332745
332916
332917
332970
333255
333549
333693
334377
334610
334631
334733
334904
335100
335109
335129
335234
335351
335619
335876
336547
336629
336788
336926
336927
336928
336929
336930
336931
336932
336933
336935
336936
336937
336939
336940
336941
336942
336943
336944
336945
336946
336947
336950
336951
337001
337140
337145
337147
337148
337149
337151
337167
337168
337353
337605
337754
339035
339036
339037
339415
340846
341227
341636
341637
341638
341639
341640
341641
341719
341845
342026
342039
342256
342257
342661
342662
342663
342664
343017
